,A,B,C,D
0,0.553702597324,4.57474631072,1.62532475372,8.52567824516
1,-0.329141902592,5.00002082635,2.64557819233,3.68792456845
2,-1.08544961084,5.65799649881,1.22998718618,7.02530180633
3,3.80713501492,7.90286225219,2.06241675956,8.38546833431
4,-3.54770056502,9.87349170613,2.01234895658,11.6944867344
5,1.65465306865,1.88722721172,2.21235925407,3.08206443475
6,7.07081799845,6.09297031344,1.32032757004,8.44845930275
7,0.0722210321074,8.5959116041,3.28970975492,11.1664407275
8,8.58601636608,0.0153327410486,1.29970160164,0.0405667352587
9,5.1827664379,2.02941478004,1.48456394714,2.02623948634
10,0.966774120762,3.13922933801,1.1316113663,5.92597142704
11,1.78283651639,6.17772344828,1.81418035404,8.50472808451
12,1.98604639016,4.24106145973,1.14102146621,6.82931929996
13,-5.51798454432,4.61006826563,2.80825486694,4.77190669443
14,0.253540301721,5.79541748593,2.76165382321,5.48583348818
15,0.225513286509,9.16285137945,1.83572834627,11.1201154252
16,9.15894175474,8.20215625687,3.19603090992,10.8846424736
17,7.49380002883,11.7146867911,1.53143234169,14.5376776502
18,2.85167501748,9.74396047735,2.55391735454,11.8004759519
19,5.38511272926,5.72676735862,1.50109982593,8.63144719054
20,-0.430444280642,6.47273117482,2.56107987706,8.99383554427
21,2.59566963084,4.3700938079,1.85639439742,6.5247660855
22,2.88725483624,8.50333825589,1.59430235793,10.6499251864
23,0.0848412123897,8.50192422317,2.63968760254,11.2826802948
24,6.82595941773,4.34813824728,1.44369103987,5.6861124114
25,1.37101956401,5.02094195427,1.99714313024,7.38800933964
26,-2.08270958404,3.69086073699,1.25497228075,6.03543127867
27,5.75362315744,9.10614181569,2.75646862321,11.6566780967
28,2.38691799936,1.63695710329,2.13903178938,1.73816793297
29,1.36046707261,3.0472887056,1.75213687361,2.49936394962
30,5.73692251848,9.28762977637,2.1829437578,12.8443448618
31,2.68249735993,1.79763002935,1.29310883482,2.81618199408
32,1.39784617423,8.13969650388,3.00214406423,11.4143474392
33,5.51975164929,2.11844826659,1.84924725795,1.43377966957
34,7.48382380505,2.78700814391,2.12796105319,2.08994129504
35,2.78408247354,5.59500037072,2.00679817721,6.6779541614
36,0.511948873927,2.71371667982,0.815473911259,3.45201930637
37,7.2601622683,2.79444206852,1.93888119147,4.13281294662
38,2.41591755464,4.09108408025,1.76874343078,5.91279792972
39,11.0176871907,5.74875765187,2.24301430748,5.13186805995
40,-1.2557360136,6.17904302179,2.17306820527,6.51697346852
41,2.70299095329,3.00172759515,1.95955572468,3.73284334031
42,4.93463308973,7.46933912762,2.25918837705,9.53171787957
43,0.416971493117,5.14723414622,2.00308863443,5.69842864884
44,-2.49685422023,4.45937012326,0.0144520964162,5.71882673543
45,4.04581012135,3.3558396407,2.04444701217,2.78121676004
46,2.01082591328,3.90394436849,2.02075143744,6.38484378184
47,1.76927251008,7.02717056286,2.56072637915,8.83451872726
48,6.90672584103,5.29109997564,1.30177266668,7.14814910098
49,2.16491965141,1.82327065572,1.62728236796,4.05569457379
50,10.2785819634,6.05199515586,1.3375390854,7.63092005844
51,-1.78657676534,7.63526445783,1.61121655903,8.16348177794
52,3.77506234016,3.41600342507,2.00891305131,5.37566537415
53,7.04396315642,4.91507733972,2.47156217764,4.90788984095
54,-4.00907284754,4.73608793067,1.64317103101,7.04625420729
55,2.50811359474,5.247788876,2.28540251987,7.55861269822
56,2.21958077405,1.17553729854,2.08559602735,1.82692660932
57,3.19796651563,3.98877696958,1.40847457295,4.92934482214
58,7.91664425576,8.49694969045,2.29976171892,11.2174229605
59,1.7165111749,3.85210782099,2.56072528518,6.71956964186
60,-0.0316327946782,6.7296924949,1.45200875587,8.96647984699
61,5.64694378483,1.26647296834,2.74300063136,-0.613425523971
62,2.30650012233,7.50698784894,2.18395008444,8.318259272
63,-9.22518061415,2.39886966073,2.22063177024,1.16690815311
64,1.66456964763,4.35041738833,2.0338901456,4.33400562925
65,3.14794487823,9.57173123364,2.95684517304,11.9436730654
66,4.19280111857,4.64140281582,1.68347760044,5.54141195984
67,-2.10947090491,5.58242628819,2.10330714784,4.94232223626
68,1.87769631094,8.11524703337,3.38557051222,9.15511865442
69,1.8539301678,5.88606223521,0.778074383135,7.50505425453
70,-1.40367260002,3.8347108497,2.13305679463,3.61463256408
71,2.24540746906,1.89972159964,1.13095456349,1.487717414
72,6.67649455127,3.91179405159,1.93802492067,5.6370053708
73,2.52866526232,5.98734368063,1.55713078394,7.87427799222
74,3.36613127691,4.15453903651,1.74789469879,5.28968745105
75,4.32081314161,8.06905506087,2.06872761946,9.93622740279
76,3.54776087622,7.62238935255,2.45545285565,8.54138055194
77,2.17318030452,2.2518497645,1.92347784825,3.4832205011
78,1.46163504922,8.91384542736,2.66209827003,13.8901435257
79,5.41909142921,1.8968870578,1.18228770981,1.99090286366
80,-3.23139108418,3.77124800029,3.01848760005,4.94497554788
81,8.71179645466,1.39781975889,1.81458785298,-0.320908873856
82,2.1229119414,3.67414508133,1.36390805803,4.63104361209
83,2.31566659939,4.66791866751,3.03374901335,5.56585893568
84,2.52596044362,10.2942056232,2.63196940766,11.159122088
85,4.67039265131,3.80882064067,1.98202984216,5.1347129155
86,-3.75412028467,9.50609899403,2.57653807196,11.7680053693
87,-0.402239314023,5.33210848433,1.53443377311,6.54082902972
88,8.94382631214,11.0849269544,2.99217994629,13.9267553232
89,-2.14483199539,0.652444534185,1.84152323821,0.883753043828
90,1.52525964338,4.91244196841,2.37557422586,7.04108935824
91,3.10565360997,7.79678973289,2.25705710705,8.32416380663
92,4.83859049059,-0.544840030805,1.81969840494,-0.546989368615
93,7.80583585732,4.69556358565,2.03207243279,6.68812143022
94,5.2445634979,7.0388518988,3.03439821032,8.11720094401
95,6.76190332528,6.84530972994,2.62761630822,8.38257143931
96,-0.778970824297,3.42235943417,2.91600691684,4.50186022392
97,10.3212613144,4.28652125283,1.21392365818,4.34267380787
98,7.46590155709,4.84965515447,2.11285428821,6.19914527773
99,3.17311028464,7.34265908752,2.67839120328,6.52457566734
100,2.49463148639,5.0160615709,2.17270202816,6.56849028069
101,-1.89060030914,2.63858599117,1.80811164343,2.63457069534
102,3.56279134666,7.46046058534,1.90604345685,7.33413866598
103,9.38248571704,9.57310971656,2.28518110091,11.3351062884
104,7.17754860697,6.49648678957,1.67787937006,6.63473692425
105,2.18659444721,7.20879226926,1.4347904328,8.6654170072
106,1.77738969006,3.69107460408,1.28470578213,4.81670622
107,9.25120132413,5.44320515537,2.43714830037,4.12278964368
108,-0.595619583125,3.99242197249,2.34830263977,4.78151925674
109,5.15268830768,7.76222115805,1.5162335627,10.2666451693
110,-4.12190302228,3.71362973849,1.70611722585,5.92250945365
111,-2.24081806585,5.77394904676,1.80185227899,6.11779617896
112,4.84392507977,7.8692026236,2.13257572037,9.8890890168
113,3.56899924058,3.18338028898,2.00372093522,5.77647586357
114,8.04005670505,6.34931107853,2.8966968649,7.42816645805
115,6.87229812428,8.14366283464,2.49666949018,9.71684628419
116,4.20766345532,8.38672021631,1.43860730486,10.7302745253
117,-2.28061030114,0.769001434209,2.7357102429,1.06658276444
118,6.08994051799,5.91433908281,1.57926752342,8.85474741457
119,0.763732440497,4.23972062489,1.56187189112,5.54614304668
120,1.94605487258,3.72207562362,2.03460136387,3.17778383071
121,9.67505939795,8.84126974682,2.38059567982,11.3334046416
122,-3.93000684317,4.05986416025,2.20182557409,5.25236847734
123,3.21177708475,6.72108753999,1.46981664881,6.51492377231
124,0.334295358436,4.05591146699,1.98520730581,5.0982020492
125,8.91226642487,7.77455481083,2.17016921658,7.69911483743
126,7.51201393728,6.2454329721,1.29051961109,9.59942067067
127,8.0164159599,7.58130876443,2.39204563685,9.77497001698
128,-4.33753006197,4.00136183219,1.42991401067,3.97506410326
129,7.66048433048,5.06749281696,2.45838512176,5.79722067853
130,3.72236886364,-0.343396196019,1.00930868139,-1.71759395382
131,-1.55737227764,7.30744539892,2.58194462501,10.6585967509
132,-2.09303433969,4.15999714685,1.23084150532,6.41214362233
133,2.38962785409,5.04434546193,1.69463714901,6.47818153863
134,7.37491692049,13.0709305869,3.14347580454,16.0400911503
135,-2.63112724816,1.42429209604,2.39636444718,0.77965380908
136,3.85556843937,2.33263998912,1.87987291233,3.61238714398
137,-2.04794865295,2.61457990019,2.26564779418,2.71837155227
138,-0.303316083035,2.33283830416,2.02016249236,1.60176074985
139,4.26460419937,1.90687128662,1.24220911851,1.20180444251
140,2.21509606774,4.30921574179,1.78617561792,4.14657616777
141,1.75431382698,10.6205647661,2.53328154715,12.1013343015
142,10.4905794497,10.7174197655,2.59173289002,13.6838205762
143,5.86495079437,0.868234325721,1.34790359709,1.78886639965
144,9.41896897495,5.10107932668,1.53771495998,7.15160960099
145,1.72136137417,2.11989329916,1.89513169605,0.603405605762
146,-0.0474415908784,1.03597272218,1.15944183039,0.617805692178
147,12.0193981243,10.3368519426,2.24421688902,13.5320567808
148,4.14008393332,5.2551112577,2.19911749012,7.13929333097
149,-0.336797081211,7.50110781621,2.88809612522,10.3197642218
150,3.0306494805,2.22131036354,1.01872658506,4.0036244355
151,-2.04337798642,1.5629283435,1.82645162869,3.43063005301
152,4.45271942715,2.16931315989,1.50770277349,3.61922126268
153,10.3391237926,8.10398165999,1.73726531742,7.48193034024
154,-0.435711872027,6.65771049208,2.97849390405,6.36559548035
155,1.18425271482,8.41134771254,2.40299771423,9.65717528953
156,0.617937162541,2.74171199254,1.92927004334,4.0740594829
157,0.0845322255208,9.51062331413,2.6897202235,11.7230558578
158,6.17883125655,9.35548311333,1.7787236026,10.5544165053
159,3.89387241837,4.44969456055,1.77630236687,5.82391695988
160,10.5286406471,7.95007528814,1.8711544405,10.1126983774
161,5.41304457696,3.32359723623,1.53109658819,5.53112780351
162,0.858471462259,2.96472994709,2.81200783832,1.6160647747
163,-0.361162657891,3.23613136254,1.980575024,5.25257369674
164,-1.5011278257,4.75309184545,2.45239692224,5.34190002895
165,8.92221210789,5.6215297603,1.2410689982,8.36555566623
166,5.05001294995,4.71818308347,0.767510055963,5.48503107908
167,3.46780334072,7.64772781484,2.23933430253,8.94745624695
168,4.24161060844,7.17311301874,2.66061243639,8.93381707116
169,1.45441820744,7.55842406732,3.32336191645,8.49317206197
170,-1.28860563046,3.24355698539,2.83485410219,3.68499105653
171,4.62471295515,5.40274081361,2.32154374033,6.06776776758
172,0.866910789984,2.3070404824,2.68470195478,1.78773028961
173,2.03977273658,7.46557453548,1.70292099719,10.3880987286
174,10.9162413868,1.06385864597,1.38829310176,0.212671783022
175,13.3499371422,11.4862040667,2.50214653366,14.9483487006
176,4.77193165405,10.0491428943,1.9705632729,12.0336400176
177,0.558959427052,1.89854234241,1.1853974247,1.4900223876
178,-3.70782787765,1.10064567521,1.31949631029,2.05622525793
179,2.28309351087,3.47284379213,1.8475634977,4.11625278124
180,-0.605491038016,2.95238510227,1.60118907779,2.48884722192
181,5.17237359795,6.27165367625,2.22228278566,7.27773889736
182,-1.96318759677,3.26000991416,1.83955739317,3.05957845464
183,8.6494198158,11.2289782667,1.84536373966,12.7383139527
184,3.4831322968,4.85178530476,2.97477984348,5.62741163369
185,0.232369122991,2.2749667115,1.59094257643,4.07619611574
186,3.71543757493,5.7129855424,2.08401359901,5.01272169615
187,7.01046856793,3.28652307594,1.6317402098,2.65848065974
188,3.14895795705,6.52808653434,1.97504330826,8.42227789746
189,7.34588537322,8.97279863245,2.69158896445,10.2015604359
190,2.57155319735,4.75363639483,2.26576444502,6.67784680186
191,6.99469332927,9.02431819546,2.22633600017,10.2697685518
192,-3.61891638311,4.56123322212,2.06667009491,6.06922879627
193,2.28568626567,3.94748439326,2.86570770107,5.50789124588
194,4.94838725866,11.0236236206,2.15565103618,13.7073341394
195,4.84194049202,6.57841684187,2.44615421644,8.62807619243
196,0.0940266387545,6.77384538471,2.47207484274,7.68834958427
197,5.02464425849,3.14284813056,2.39283377445,2.75048775859
198,2.42343678925,2.23978198196,1.70789883115,3.57901203712
199,2.1400586544,6.21492805886,3.16718120082,6.69583406952
200,5.646586108,11.6391163764,2.11957525813,14.9835759232
201,3.2788155947,7.01641498355,2.26348128443,8.6595228578
202,2.84723192014,6.29774810739,2.80992561802,7.51561120655
203,2.01935793414,5.24690840928,1.59135777867,4.44099921878
204,6.55056463887,4.01571904695,2.02632663525,4.68372940391
205,-0.351795911532,3.51552483179,1.91171026571,4.05644334003
206,1.81769477656,5.16596769747,2.28189196726,5.13687025647
207,1.83518126371,5.94502338413,1.81439932984,7.91047356732
208,3.84378089776,9.64534275979,2.5348774495,10.9735421524
209,3.59719015568,-0.252925877733,1.423800682,0.118522683208
210,-0.501162522073,0.963897042981,0.943173811523,0.971094351868
211,-2.02607079149,1.3847284451,1.70626287376,2.47537635657
212,6.75560126121,9.19717707142,2.11757886103,10.577617013
213,1.6531412941,1.79923960574,1.19371945631,3.47537000543
214,-1.45532677914,7.5427422996,3.09595459355,9.65146106984
215,0.268384696457,1.93103013887,1.20424988547,1.82469704024
216,-0.15081902586,6.19362373173,2.18483014106,7.23655431455
217,6.7848152006,8.60840494855,1.77112579247,10.2789941905
218,1.76731206353,5.51982732753,1.75059509989,7.06482755467
219,11.3301573944,10.3621545883,2.35683338796,11.8355817399
220,2.49651520074,2.64616111395,1.75537208961,0.429266290533
221,5.22914597825,5.50636594925,1.99375348946,7.8684425188
222,5.66144728846,5.71684892188,1.39335204724,7.62573376359
223,1.07072034238,5.97923135747,2.37272214485,7.82000671045
224,-4.08507403133,3.56801788646,2.54129532652,4.90156358642
225,4.81346816154,7.4751590528,2.53973802451,9.13263744772
226,-1.12535708741,5.76289554815,1.49709490822,7.17917837453
227,2.08969628822,4.78952394839,2.270452762,7.99825232755
228,7.36717031554,6.03237629258,0.712760253132,7.33540533717
229,-2.01010209217,3.62017741868,2.06154709912,3.49733209931
230,6.89201780894,4.15527091116,2.5909128802,5.61998070735
231,4.00201231919,9.33413488896,2.18590600081,11.4053255386
232,-2.94840095357,7.50030564593,2.44697756472,7.69023195381
233,1.77884208088,7.65736647169,3.00138427268,10.2732233149
234,1.88937605028,2.55228612226,2.46728866882,2.39889518817
235,1.97999690014,8.41643354925,2.96980657957,10.132391373
236,1.19782482865,4.10988214944,1.43369667307,5.04597339025
237,3.85707025122,5.15382294607,2.12880745356,6.43324878988
238,-1.33381921073,4.13807444408,2.27779529661,4.78594481739
239,4.5225566908,2.68737803939,2.25392122192,4.76467164871
240,0.203909530051,3.56719794926,1.64587967691,4.36939219722
241,8.5513345953,8.44250957684,2.19869400109,11.3835874708
242,8.49306188579,7.02241138656,2.3331442227,7.96935789539
243,8.08055232826,10.44642796,3.17932455931,9.99663976831
244,2.87548339972,7.11806019074,3.06324386549,7.31754166891
245,1.7022620999,7.80625893343,1.72890563147,9.61700097174
246,9.70151508978,6.89924180947,2.38333046352,8.03394888206
247,6.72906520655,3.68249893478,2.32893882528,4.73234571872
248,7.75386700067,6.23464559797,1.4316795512,5.3690928492
249,2.53538693221,4.97322115011,1.26103416098,4.65201683762
250,-0.865541837816,0.517416212063,2.03651888373,0.33793681441
251,1.07524054012,3.32141445708,1.60494138759,4.27485822549
252,4.20913599338,2.97778031578,2.47314221781,4.75816687311
253,12.9325491024,6.30457618689,2.28378497326,7.60061379334
254,-0.235514579474,0.328587630449,1.57911074824,-0.514795284951
255,-7.11079084509,-0.984818527802,1.43118410347,-1.59009746208
256,0.646137406617,3.92384554372,2.04119858598,5.03949814804
257,10.8949929172,4.15811839511,1.08693223136,5.82619801971
258,-0.913761339661,2.75122239621,0.985117238965,2.84707174658
259,3.10273914776,9.03272567399,1.66256389367,10.3879275135
260,4.80850102127,7.20060784472,1.81843021926,8.63840452332
261,2.52184438593,6.05929954715,2.04696513835,6.66077464367
262,-3.13546784921,3.64308628313,1.59618757474,4.96819906317
263,4.7256143806,7.61342047828,2.34306354166,9.19877196757
264,1.29271748999,6.04729764384,1.53490562547,8.60067596345
265,6.99738325067,12.9212239894,2.07977313832,15.5303765239
266,5.93964133295,7.92588838669,2.57931926381,10.6959237355
267,3.17742307933,3.41247950509,2.60956550725,3.37611100383
268,1.57943153811,4.05612007528,2.41429606965,7.632918429
269,3.66019043315,7.33995383992,1.88790123228,8.40508465274
270,5.69274232678,2.44447364321,1.72129810277,3.2706277142
271,5.68612020118,2.93668071703,1.81849314011,3.81049186574
272,0.411979450777,8.23622104041,2.62502998561,8.16439634119
273,-2.00349877824,8.5194020675,1.619312435,8.34813987581
274,9.05889484487,9.46442354245,1.7769016773,9.58562186473
275,8.02084589536,4.84005225779,1.6888611396,5.63836322745
276,-2.18344121282,4.51838110047,2.42018969297,5.556729825
277,6.06782266095,9.75865297764,2.05990586059,12.4645701739
278,0.946385035169,-1.34583493105,1.97442442272,-0.874477820426
279,-4.77220153007,0.56337108491,1.464119333,-1.11378521858
280,5.39793631461,0.159722370972,1.39725854183,0.832535197789
281,7.46937601206,3.76165611572,1.43562074486,5.07060272292
282,1.59083300521,5.22456721681,1.92894643567,5.42321628884
283,4.91146631602,2.01138291992,2.04881024051,2.09651636067
284,3.88662608575,8.53613999429,2.83751463896,8.61486881195
285,6.02474499029,4.66992152557,2.21477187488,5.93800705311
286,-1.71870293429,5.42142550872,2.10363019085,6.03875820703
287,7.64195006751,5.19254304565,1.30066908792,6.58135368439
288,8.22258363517,6.37033179422,2.14562754517,7.40080917492
289,4.49681834218,9.33241720851,2.14063497463,9.78636277442
290,4.72921962054,5.92039109737,1.49436564226,7.62672565726
291,9.28371573306,7.0406163046,2.38218132895,8.17911450097
292,0.942263274161,7.97638154636,1.33452295102,9.91917862295
293,7.91024006347,10.9621116762,2.67988746764,12.2131937377
294,6.33416870319,4.41893804577,2.05085072067,6.21092348383
295,5.61059486063,3.62526784461,1.7384768632,4.90282089197
296,1.37710962954,8.07846757983,3.11645890448,8.92053205488
297,5.34508237163,7.13663239808,1.74560163328,9.26583156817
298,-5.87956858225,2.64107139395,2.14183860894,1.12016636983
299,7.84934145047,11.951623484,1.60911207685,14.8662507623
300,6.63808556206,7.85355198139,2.2631693739,10.0132201264
301,2.79885056319,6.78491061409,1.90863377703,9.47268589707
302,4.10928900673,2.58560163877,0.937109626848,3.01255052178
303,3.30713893102,5.64252512928,2.42198135814,7.20592368796
304,6.48755918284,5.67688714126,1.72970053792,6.75953035802
305,-1.54664867224,4.29051950087,1.48099957374,5.08291868385
306,1.90482092805,6.76453832735,1.61106847628,8.44966234685
307,6.47582483611,6.10183795211,2.25294533551,7.16604007023
308,-2.58596980399,-1.53782466335,1.75950031127,-1.29493252384
309,4.16928560886,5.38072883423,1.15140836995,6.12338219626
310,7.11410529416,8.24552750815,2.83378100113,10.6572502163
311,5.5092673774,3.95489672575,1.53123102263,4.38033543815
312,1.86556109421,0.273368793687,1.90023952623,0.504339413478
313,-3.5605891996,0.828796048573,1.57604151498,0.937030677937
314,-0.64636997563,8.78322566062,2.55585296509,12.5443890596
315,3.24038493569,5.18568419479,1.62365459165,6.4412685712
316,5.23356592057,6.86592361171,2.16752833261,8.83216801512
317,3.26148613998,4.5727005529,2.20688387739,5.76327060655
318,6.22624603202,3.42446060337,1.13113642371,4.26194570301
319,-4.21345423292,-0.28893006337,1.57290833344,-0.218519241826
320,1.38424267014,3.8180113672,2.35421211717,4.46164136358
321,5.8623092846,4.97451740244,1.62580144213,7.26086657784
322,-8.80713502628,1.79919384251,2.26351713977,3.11636465133
323,-2.31572947712,3.20104922833,2.28982808643,3.55303232892
324,3.3726391882,5.42294018827,1.47838006929,5.36882197506
325,4.91332003527,3.90838789541,1.70693993573,4.30822453981
326,3.59858427624,5.35743128127,2.04902652176,4.04544160283
327,7.00065417566,8.12116357112,1.9198742482,9.28896228704
328,4.41503698171,0.874513437741,1.37314433472,2.06230142044
329,9.55637860977,10.1613547995,2.41670721943,12.5654819834
330,3.9265787079,3.844792234,1.90201557384,4.55588327976
331,0.403811691391,3.31634305834,2.50648152867,1.99111116986
332,1.63149579029,3.99790410782,1.20461890272,3.8418838976
333,4.18163203498,8.37653344972,2.31421202096,11.2547806766
334,-0.195802983287,0.37973734122,1.48039186853,0.650794894514
335,-0.936830440097,-0.775909740547,1.26231352167,0.532181079555
336,1.37634587198,7.35982402404,2.63761609993,10.7190898842
337,-0.226252137157,4.4472813224,1.50739382057,5.63428447718
338,-0.773669414294,6.46923712337,1.83054282253,6.59566327069
339,10.7913221897,9.39090412717,2.61742972498,10.4351460711
340,0.69419030084,6.00733435341,2.09626036869,5.6967288633
341,4.22545978842,9.42813957414,1.94483090661,10.5924280128
342,-2.2391351314,6.44055809405,2.30523511806,8.40658406873
343,6.60599615749,7.38303604541,2.38009037544,6.85959253263
344,4.41328319765,8.62990983319,1.84029404064,12.6720192957
345,6.20349617753,8.22611615376,2.14370442644,9.94472110475
346,5.86622186176,8.56216436547,2.21497206253,10.2230150941
347,3.66187182448,2.99571202532,1.81568504789,3.82407452841
348,-0.707038257657,0.648843488724,1.70455873708,0.366404547727
349,1.12605920267,1.0288631583,1.75272917368,2.17338835411
350,0.953028538643,1.63310958547,2.368011522,2.25813126437
351,0.913741438786,7.735957352,2.10571573279,8.93103416546
352,4.02040864262,5.13384219488,1.34438518601,5.0034398395
353,-3.8738937163,8.13044850427,2.24462998709,8.89524928914
354,5.19249785059,6.88296517348,2.21717457948,8.18442523961
355,2.90368970214,3.73018100059,2.42839326386,4.80809480933
356,6.01617264963,5.60912909425,2.04258841387,5.87787787363
357,3.59784220535,8.79314144588,2.10228241126,10.8597336193
358,-4.71907515568,0.302066301945,2.29623396732,-0.718049471094
359,6.05068826346,8.49441341537,2.10403942066,8.70575378709
360,-3.72333697637,3.54508246035,2.30853467871,2.58214592614
361,-3.48859606462,4.12547510901,2.1509526752,4.78073772416
362,2.82633600328,7.06879316256,2.09633359696,8.86526908137
363,7.48381805402,3.58780707851,1.7285796823,3.98565146482
364,-4.34914855132,2.22268573878,1.85864144214,2.98202609897
365,4.18224668951,8.28941136594,2.02802274935,9.26577281054
366,1.31706990304,2.38716436886,1.60925818165,4.68563002914
367,8.50853658067,9.92937826529,2.2283639879,12.9848348974
368,-2.83651847266,2.92758075182,1.39620178801,1.9713794385
369,0.708259108056,7.22082606584,2.21422101831,8.24589746639
370,5.27073094431,9.27448099769,2.4157584013,12.9184566839
371,3.74586093881,2.91845514107,2.15648826892,2.30171945075
372,2.0770436496,1.85504014558,1.74988041755,3.25002904853
373,1.79767185464,-0.0577915747806,1.58152440808,-1.787696991
374,2.75007219554,-0.903784943052,1.0987364905,-1.63408211974
375,2.83427994788,5.74510233905,1.75944745372,6.58716434541
376,8.31759103381,8.68990518741,3.18152307426,10.1786374189
377,1.68451044798,7.67083803627,1.37356055228,7.27307837224
378,0.806348109,6.33941572742,2.19172661873,8.70682397484
379,8.11282295496,3.36020483255,1.72322913082,4.12423105228
380,2.70865779981,9.54316286254,2.41283187657,14.087781948
381,3.12420632645,8.3688222206,2.62609566506,10.7230166051
382,1.02409458685,4.76478438135,2.5366655272,5.45582342658
383,6.26909248736,7.70998010156,2.8355566738,8.76730411822
384,3.20385488486,4.19586375186,2.37886938102,4.05120233062
385,6.03761177754,7.16089049786,1.90913067939,7.38240837537
386,8.66817132879,4.23873733734,2.48560249085,5.53971136797
387,-2.36648723915,4.05724394761,1.68368952215,5.90374341578
388,6.50839518007,5.32937797529,2.41321282814,7.73472777967
389,5.74211512941,6.51928804947,1.52648908934,9.07635340028
390,1.93200430279,4.56068233559,2.21453814658,6.59379132946
391,6.64980688859,2.54354178662,2.32022301178,2.70790857707
392,4.05756895525,7.9561225031,0.898073467302,10.2529447036
393,-1.00871661888,0.961711985535,1.43429171784,1.00887155494
394,2.48360035778,4.8372872901,2.58803264477,5.01745120172
395,1.87424138215,3.94860655721,2.06843154078,5.33395116844
396,-0.547927671218,1.83552346996,1.74914339631,1.41995652861
397,7.67113036173,11.6193131602,2.68674643172,12.6657064882
398,7.48736924499,7.29344162431,2.13411885829,8.43305478106
399,3.2571168955,3.93852079189,0.695436005722,4.24036685167
400,-2.26919603536,6.46017962982,1.92385098046,6.98739997678
401,5.58104511335,4.68142795204,1.44815822379,5.39112467198
402,0.677766989324,7.16222737812,2.43001997324,8.59837627648
403,-0.701707939965,6.05935433472,2.08060602731,7.51258429318
404,9.51650584192,10.0392772869,2.43840469957,12.6690479046
405,-5.02192146516,2.71588597985,1.80199514664,3.98579721429
406,-0.278673984766,3.66357545292,2.09026903627,4.23943368886
407,5.95359400289,6.61207591161,1.74348366556,7.90755095185
408,5.21940045736,0.887376731362,2.15323002028,-0.18677945437
409,4.48365361538,7.8680740707,2.78311193436,8.30579688464
410,5.7556615371,4.47641447172,1.58233360825,6.34677956467
411,1.32458690661,1.41323194427,1.59121550816,-1.38824119988
412,3.83928127181,-0.396937710688,2.22716952123,-1.28763386737
413,3.53015870112,5.90081955049,2.35895721546,6.10599356405
414,9.22072671206,10.5197443706,2.39234950719,13.8195577727
415,3.48111625284,11.1181168583,2.59113540308,11.8683954979
416,3.69561113798,3.72462068201,2.30222773698,2.74209966056
417,-0.735080840481,5.61836051993,1.76230579329,7.30965835837
418,-3.36989357171,3.35838337689,1.46601143137,4.64780986568
419,-0.0328315094368,3.28977780399,1.8706305646,4.93484415834
420,-0.223527505424,1.67525269501,2.16741582814,2.46844735373
421,3.71555171899,4.42742207086,1.75276300025,5.06974146767
422,4.88053141693,1.10233141138,1.63932505238,2.61942884191
423,0.178249890066,5.15197027021,2.08701584467,6.92737572206
424,2.06593425337,4.55481086916,1.55801432429,5.87672769683
425,7.21972438948,2.73852972126,1.78485926104,2.43323657874
426,7.49548400929,0.0269739660128,1.62218846234,-0.852926036561
427,9.87278148945,9.91648484262,2.14416075261,11.5169554183
428,-0.195855915267,8.6093739521,1.954269497,8.96634160185
429,0.371623532586,3.76338486781,1.60819199128,6.40316077595
430,6.66370771291,7.09114434258,1.9453957556,9.73776295626
431,10.3074343572,2.76394988221,1.0155328515,1.13007104841
432,2.97813416367,4.96286518569,1.55325731553,6.20658506436
433,-5.81374560435,2.53354437686,1.51921373514,2.74775592586
434,7.99283772546,2.99807518788,1.54803355676,3.8854513134
435,1.26853288767,9.14137234151,1.79302328563,10.9681475794
436,8.84393220479,5.6975759775,2.3875714548,4.99141633064
437,2.11598810317,4.22161334809,2.36814448462,5.21270953458
438,0.874036207459,4.1441525992,1.84181579976,4.00319452237
439,6.48873986988,10.4012691121,2.26560637311,12.8931888276
440,4.10834515373,6.13956502076,1.61920085355,7.59678350861
441,3.40063337279,11.4569478883,2.47180559659,12.4552333968
442,3.96377938165,8.33002435309,1.45224679506,9.88379145594
443,2.59748640364,12.2540544038,1.94673759074,13.8594125366
444,6.18665996063,6.01284028987,2.22136039698,5.72715303788
445,1.09527942697,-0.342571555986,1.01221427993,-1.17563747611
446,3.31509710851,9.21932314371,2.23230270061,12.3477757082
447,5.96779435468,4.88768811202,2.68798696452,5.95424823012
448,3.40742575575,3.6060918715,1.80336421939,3.44516548874
449,-3.90444981085,0.935429404762,1.98012914136,1.66077255298
450,7.29184703434,6.41619128159,1.6811420496,5.61789022515
451,4.94101617267,12.8140844828,2.83258919326,15.7037501121
452,12.2336463446,9.82209679823,2.42784861986,10.1855982691
453,7.68790280976,5.10797249245,1.99663447285,7.33572005444
454,7.07330213909,4.5810994641,0.784387475117,4.19340983855
455,4.85895198799,6.67589076889,2.15760292058,8.32995859985
456,5.09310405252,3.37084810581,1.41054212959,3.99863460316
457,-2.8798928327,3.89105793333,1.97246725957,3.91630824044
458,7.93408410793,7.82676043011,2.42930295713,8.90148856171
459,0.187091369762,5.19655373594,1.6997846917,6.31061297102
460,-2.01688380052,5.95882693616,2.39682107125,7.49712425379
461,1.15797765525,5.76947951821,2.02281675968,7.09900305334
462,0.934985298769,3.17442010993,1.89997757155,3.64607012035
463,-0.716959341134,4.51721361989,0.447410121793,4.81521619983
464,3.06534987934,3.69685763433,1.74497642359,3.72995205559
465,1.31852413196,2.97588198634,1.65488573917,4.41961383205
466,0.710613167029,4.41407379746,2.34210453045,4.71519349025
467,2.70928428089,4.89857776854,2.02239809043,6.47165674834
468,9.18858004141,7.56285153061,2.55639477051,7.05287422149
469,-0.0932665298686,-1.46328006425,1.81627908549,-2.64981629508
470,6.60217646657,3.83698363125,1.30239190082,2.93621215007
471,1.0454538467,3.43316325791,1.41279318653,3.38016591545
472,7.441564786,9.55886893071,1.68836924897,11.9222894193
473,4.09157040639,9.21427900975,2.80321734245,12.8093369125
474,6.14232382337,3.18604948549,1.71896283514,5.1023770043
475,0.178734305759,5.78249993568,1.75510620916,6.40463952103
476,6.0575790041,9.61675826149,1.77704972277,12.008751823
477,-1.49427308094,4.82405407248,2.16993549312,6.16518761824
478,7.01092595629,9.30346376568,1.61159561773,11.222280591
479,4.1558733223,7.51103880755,1.40343448002,7.99360294727
480,7.43080721846,3.48806367437,1.64432319597,3.6975218542
481,-1.97582324661,4.84925244482,1.72213137045,5.76141100938
482,3.42667107806,0.208943336665,1.28213204844,-0.223014194403
483,15.0295200338,10.9619791164,2.37566879601,14.508556441
484,5.10848794796,3.95933019644,1.74527815052,4.66907638786
485,1.87853382372,4.37429795907,2.15701231821,3.36518124553
486,0.175613390243,4.26427875259,1.5448750947,5.1534014703
487,-0.0370496353268,3.88778906905,1.24067701571,3.86892449502
488,2.52373323082,6.23311308033,1.79781576408,8.54016136557
489,5.81633325832,9.16252572726,2.46556938466,9.95360590297
490,5.84893643593,2.86816269328,1.56067899722,2.45154012399
491,-0.195977682119,3.54826834961,2.1335231321,5.0014483604
492,1.60426403087,7.11829860295,1.92566224235,9.15985431172
493,2.397569761,12.4577014745,1.58444655607,14.2664682244
494,3.14141273849,8.84804082324,2.04025158914,10.8978804309
495,10.6511952208,8.15300203823,2.31295085388,9.03819189793
496,1.19283160608,-0.612840054595,1.2259036998,-2.93155871469
497,6.16204621933,8.9529051669,2.27813383092,10.7102560444
498,1.865030842,9.03545641257,2.56868460697,9.76640800171
499,8.59757626104,9.35105634589,2.16412907336,10.7970667151
500,4.7130390302,11.0376498086,2.23107403253,14.2873859826
501,6.56303066212,8.89121459561,1.20202137545,10.1205299274
502,-4.32243864946,4.76368533002,2.23549394167,4.90462207105
503,7.58600560091,2.52931043906,1.84706787216,3.57620247864
504,-2.3856164709,2.23095115945,2.18774066828,2.46571989658
505,-0.802615875393,0.873225809768,2.58352688377,0.0919714018768
506,5.12290266061,5.22073827026,2.15766973123,6.63053958437
507,10.0964459231,9.76335922626,1.70219389061,10.659629195
508,5.96543988022,5.20104614306,2.08238593265,7.25925969499
509,5.97626331825,5.91213561685,2.53458637347,8.65126958115
510,0.348208652199,6.18354013557,1.70083555433,6.7348026382
511,3.85252772067,3.25863535269,1.79594430837,0.766881072141
512,3.58239275431,10.1804589534,1.94649873064,10.3442884122
513,3.2841781531,7.04021083679,1.63605275107,10.1581680943
514,-0.211594037206,2.72979030427,1.51208036448,1.72364231502
515,8.50962582162,12.9904512293,2.39931484426,14.0706602594
516,7.61545252908,6.53712925872,2.17103486631,9.73546301388
517,-1.91395433622,2.53581493357,1.08372470803,4.11721168454
518,2.32704607361,-0.654899895642,1.50096275593,-0.323502434229
519,5.20010296936,3.14424156101,1.21525919555,1.72780470688
520,5.27201225322,7.17648967694,1.84190448051,9.56300646527
521,-3.97181545909,3.54303498494,2.34146955403,4.21057205475
522,-0.707958212722,3.3879928004,1.758580164,3.55567503424
523,2.78762366219,3.37753430217,1.67585078547,5.56102511697
524,5.28222617465,5.12899737541,2.18741168879,5.67320286573
525,4.49875398048,8.2016195879,1.88500758281,11.8285146819
526,-0.543849043222,-2.28636388185,1.26817781965,-2.3746195044
527,4.53800417603,4.95461829154,2.21104483922,6.02680278232
528,8.15617941771,9.80218125782,2.79966552633,11.696859812
529,10.1721381653,6.42230485714,1.96628679131,8.0769350318
530,11.5141383292,5.78737163826,1.48675830581,8.03351544016
531,4.16245844189,4.03714777333,1.39237343412,3.88359038886
532,-3.95227451871,3.39292390559,1.23976407961,4.97892664032
533,8.71751186455,8.79361905269,2.11465174711,8.32636279565
534,5.18522513507,8.89461811376,1.65372061284,9.30251017124
535,9.79349500813,10.4092047281,2.49409554155,12.9477431153
536,-0.13592978616,5.33396377153,2.59442724376,5.69038667847
537,1.41801661264,7.08716529151,2.25646960571,8.17131519186
538,8.12488444242,5.67822132061,1.7166835847,8.90370262096
539,-2.09048842589,5.52858523841,1.84660626612,7.65331713335
540,1.5973131465,0.987744532572,1.52382713836,2.46890878544
541,-4.17319001879,5.91824794552,3.04224359826,6.14687749382
542,7.45212749313,8.29255453778,2.63893956477,10.6304835976
543,-2.15806611748,3.70925768342,2.73426507973,2.39430269176
544,2.89436744455,5.39336180457,1.87317939431,5.93203363959
545,2.97625053819,7.09654442093,2.66350881561,7.9443200894
546,-3.87926298102,7.24195216218,2.83637024727,8.9846937027
547,4.59760393646,3.52784158155,2.09148666198,4.86490899279
548,0.28350780809,3.48976025464,2.46550510661,5.01315337563
549,2.47207605583,3.84695853384,1.91025155446,5.1470889358
550,3.3217962216,3.15670436616,1.71497458342,2.36859736866
551,2.26941099013,4.87642411414,2.45989427494,5.64798823034
552,1.50040753106,2.17267494943,2.17838432896,-0.122056461426
553,7.86750670996,4.74877902638,2.47869690955,6.58006437315
554,2.15704778452,5.73903272232,1.75777678099,7.27902408575
555,8.09931283718,4.70624585704,0.601957685548,6.12052944523
556,4.9065322873,8.35058413527,2.4430302708,10.8361536175
557,-0.57653686181,4.74025647142,2.42808087752,4.93353585329
558,4.85794873403,8.82104732625,2.15074133598,11.4884996908
559,-0.310568013523,3.75644166733,2.59018765726,5.66126556424
560,2.32032041651,6.69957555815,2.66883321357,7.39328965267
561,6.82931200522,4.21144631275,1.90060862395,2.74094820935
562,6.01704044861,7.08664540625,2.11229179987,8.45338529746
563,5.09373477915,6.75343976642,1.50796224769,9.2019524182
564,-0.0509952500866,5.90538782029,1.92919639199,6.52700053523
565,-2.49331453528,4.84872161495,1.44074895304,5.636300597
566,-2.56193620245,6.80659584634,1.28755972325,6.62360956906
567,4.98346833125,7.24836741457,2.23487855285,9.45931119848
568,7.34706983153,6.59694217361,1.21348593539,6.58197561332
569,2.60239652215,0.0653866521335,1.0923014836,0.386538047234
570,3.26575365673,5.91671859594,1.8967149391,5.30382024074
571,0.970594795827,9.34598095266,3.11408318726,11.4101376253
572,9.84355697633,8.28494755017,1.46265939887,8.69928674802
573,5.82099342854,3.41801344522,2.04043330158,3.57728903834
574,8.68780568823,5.05064868155,0.973481650722,5.45239353438
575,-1.65496690883,3.24013642809,2.31172427414,5.62698614091
576,-1.54535557999,5.84331652448,2.88396957096,7.13078193034
577,3.43754016192,6.79539569625,1.52361373543,7.08071604755
578,5.58935520452,2.69540459446,1.33123241277,2.2172445998
579,2.55215779569,9.5835082784,2.91412520198,12.9806267067
580,-0.213846151641,3.94199922236,1.33831178373,4.48542815266
581,1.07608723412,2.75516990035,1.83743028372,2.73932552295
582,5.18769645192,4.05046270127,1.38773901097,4.93237701165
583,8.29026368583,4.68115294894,1.45119291123,4.05955325984
584,7.39101790484,3.70953602302,1.67235079116,5.61436076196
585,1.8257202431,4.46712604775,1.8879273263,5.68053427193
586,16.7759638177,9.72178326392,1.95374898346,12.1990055256
587,1.70743435022,7.93379899682,1.8565790312,9.53458910132
588,8.61725693825,8.96026887399,1.94947173794,9.63244635101
589,-0.492505435955,1.14787691452,2.05450949302,1.86960248752
590,7.32467641192,4.42609012553,2.31243959455,6.32321803429
591,2.78168644531,3.33088882863,1.74952990652,2.79486947459
592,-6.07746885635,6.6723088362,2.68621616888,8.14792831789
593,6.23873450801,11.7034341065,3.23500930808,13.9042108142
594,6.13966518026,8.65275389663,2.02633438592,10.3689013405
595,4.68777374976,6.58013787778,1.6389065954,7.90356349817
596,-1.5779921108,-0.0821391045247,1.24274349686,-0.184154456429
597,9.20952393162,8.40505932603,2.11877423649,9.39088362367
598,3.90997319954,-0.340452514215,0.582586569992,-0.175747687222
599,6.44191150351,4.68126707107,2.69676217834,4.18695295181
600,7.1358027912,12.2942309277,2.19671434686,14.4898592677
601,-0.187374546504,6.73013580694,2.97786509012,7.158077359
602,1.54151795261,-0.805048739401,1.09806141962,-0.694809284138
603,2.44793032288,11.0194360154,1.85801536135,14.5836353492
604,4.61064744033,3.46668817647,1.6057451345,2.70342956243
605,1.9332929936,8.55381257968,1.60884630812,9.04135791648
606,-3.46171092631,2.75354289186,1.8917018525,4.54589618606
607,4.06387776676,6.69857874813,2.57599894176,7.96648540573
608,-0.837699025298,3.82151781642,1.81692993217,5.37044305932
609,7.71628482308,5.59423247837,1.61782426015,6.32013299156
610,5.01920822437,0.611118519507,2.41003811811,0.495548317318
611,2.74231983297,8.40537517562,2.26908866398,9.84944767336
612,-0.704042999749,2.1187959276,1.81148486496,2.36011496393
613,0.130382223062,6.7211226398,1.62205056401,7.95112307058
614,-2.91912803309,-0.910082496979,1.65457978065,-0.33476135925
615,3.5279323235,7.4033896633,2.15533591283,8.96733448577
616,-0.0931830277973,3.58678401322,0.855209672743,4.21178509687
617,1.09097991778,-0.560967877411,1.17534730244,-1.37817457966
618,11.949318009,6.62771494712,1.43683418843,8.55683913687
619,11.9543067617,12.2718585786,1.89945190579,13.8717910923
620,12.4475647404,8.53425293559,2.05888347952,11.8373189976
621,-4.01535769997,5.72919035065,2.10481671831,5.67821315098
622,6.29484504812,9.3909039188,1.96704455299,10.9214628663
623,7.2266767934,6.48280409933,2.04183178774,8.83441319234
624,6.71331327342,5.57945258233,1.71227945192,6.40037887784
625,0.933307800949,8.60456984315,2.38675719915,9.84493284069
626,4.97364516917,6.84982956366,2.45296976395,7.21164396115
627,0.189231361332,7.03506614171,1.86689890289,9.28343360902
628,4.71065959536,6.86123838275,2.14626900081,9.06708436984
629,-0.966526266347,6.22298523835,1.81667013011,7.88859341495
630,1.3939203365,1.70582906586,1.53910236364,2.21387495735
631,3.82816863202,2.82988581128,1.60800486513,3.83534680006
632,2.83912214978,6.29087598093,1.79096418724,7.34997828584
633,4.44833588298,10.5213318384,1.93157035191,12.5659385267
634,6.01512340431,6.95117373557,2.20377661107,10.3340503925
635,-0.401341680502,5.98063878894,2.43886664602,7.33173358034
636,5.80748301036,8.68790950495,1.85537147027,8.86167237954
637,6.63662282142,11.9285024566,2.68951883165,15.4915969174
638,6.53747375895,6.87921565765,2.14848582248,9.25478739609
639,-1.14374059093,2.64533984622,1.87933400209,2.52755209703
640,5.20182772204,6.14676006973,1.63714167704,7.6514891618
641,3.10434420727,4.27722213817,1.97373099216,4.88963280895
642,7.29094344327,2.74456033847,1.80549800326,4.06612122916
643,4.7659635566,2.45960491221,0.747156985092,2.77071337016
644,3.6573343057,3.73415463428,1.85354051045,4.98958992652
645,-0.120095975517,7.7708644002,1.66232868835,8.05170743449
646,5.43459712691,4.64549787563,1.61864510361,4.51177801883
647,7.33717225568,11.1748089597,2.27651964345,13.6607328459
648,1.45406139791,7.89474945946,2.85555218572,7.90487686865
649,4.37381974413,-0.0488957787133,1.8325791214,0.0523835590549
650,1.03735042069,5.42975626028,2.00590528754,6.32647628146
651,5.40971285951,0.680852366362,1.6037059491,-0.0575210151752
652,3.88130160563,4.97967393931,1.70137456288,5.63803283122
653,5.32955947113,3.84710782278,1.49893954113,4.76321414847
654,3.02817527056,8.21434684711,2.04874898728,8.83583578813
655,0.331824126481,-1.11740849639,0.937874049916,-0.723899804684
656,-5.25935728887,-0.364523694605,1.29874437823,0.0707738579923
657,2.57676815849,11.1499291734,2.01880419908,13.5682696624
658,5.38455770512,7.11547482359,2.48061983757,9.8732088871
659,4.54520756325,7.0588749995,1.13713468957,6.4490339952
660,-1.78735711401,2.06256379565,1.63858940388,2.53935388658
661,3.43374408702,4.42114130266,2.14494790812,6.00923878532
662,5.02207934248,3.22954216057,1.56713354494,1.30583794179
663,11.5398534441,6.7261205886,1.42801970594,7.4078729772
664,5.82318924707,5.98896277869,1.89938206879,5.75476222994
665,-0.816539691882,7.42929557294,1.99784893148,7.60322745334
666,2.99335913121,7.97720660402,2.66784697543,9.89404222421
667,-3.89398252095,0.913921234484,2.27886562523,2.20469351673
668,4.1313845,8.52811458016,2.6935793918,10.3762737168
669,2.62043954197,6.43176397327,2.63365211449,8.78579896887
670,7.4716304421,6.93262992737,1.79664006672,8.43489123645
671,4.96921215622,6.15901761504,1.06775368636,6.96427030461
672,10.0285624713,9.88413624249,2.68874584878,11.6894997115
673,0.185658108919,2.64791966543,2.17472413037,2.31140640214
674,7.94155765896,7.38281570648,2.0760318198,9.02509660567
675,1.57484637186,3.78372520772,2.38084096372,4.56725334355
676,-1.24270590167,3.41504456274,2.08615602424,4.64309226376
677,6.95505168737,8.09051600966,2.13318816171,9.77930169484
678,6.28045299124,1.17384544234,1.68174305051,2.76734580699
679,4.24142817915,2.89645346631,2.06254037256,3.2325382466
680,7.99016378181,4.29937110315,1.44365372188,4.01878218508
681,-6.4479589137,0.274105320441,1.5753016395,0.979221488271
682,-2.80210059175,1.21055372701,1.96528287536,-0.793752268636
683,6.12649690033,8.44819156497,2.06658974053,9.31577710665
684,12.2067419193,6.34907889219,1.74486427918,7.25326982943
685,1.81681502535,0.755563473498,1.28755307978,0.851019396986
686,-2.08165628511,4.98748745556,2.68179770797,6.70571243916
687,5.2920698571,4.78824243681,1.2757808767,4.61965194545
688,4.77889459637,7.57761738507,1.54742781744,10.7141971853
689,-2.46994185764,4.05939627441,1.25206622241,4.30669208504
690,5.48493618349,1.71045209957,1.47695556398,1.61818097957
691,-2.20834806316,5.57683430334,2.5888349916,6.99612193893
692,10.5680346461,8.43739219309,2.09112776785,9.66159780865
693,1.52337500308,7.32341858141,1.89580554556,10.3130474255
694,-0.849790967712,5.61680718374,1.84949201597,6.84430252821
695,2.53497515301,5.04930018869,2.19075936189,6.68397731319
696,2.03475055496,5.89665516738,1.68262651218,7.97291641875
697,5.31868850076,10.6870673096,3.27749913521,14.0382215819
698,-1.80926307188,6.42315747634,1.95332785923,6.97819649924
699,-0.0613292441041,7.31050070083,2.38425301391,8.03010450957
700,2.5278165512,1.98443292341,2.20084824555,2.50887198422
701,2.39288326091,5.48054226195,2.13400748812,4.8256017715
702,4.55615224717,10.5702323994,1.55163987791,13.7690438269
703,9.30143831599,5.14896775231,2.13948228893,6.0475739801
704,-4.6689574265,0.949328795167,1.98131567083,1.84985310523
705,2.10895297647,6.36381385825,2.59899628609,7.89007376321
706,6.6007955253,0.433841329805,1.8138337595,1.29876015455
707,3.66882093516,8.2020780272,2.28485701927,11.2164030119
708,11.9961848678,10.514952345,2.07014687627,11.4337629289
709,5.79665379775,3.73643917036,1.83273823128,4.90823697187
710,10.2076366586,11.994608426,2.24886372153,14.9233270143
711,-4.50520321791,5.55407519779,2.21257655005,6.63818617137
712,-1.34425613043,6.23662392559,2.65677162802,7.22275732793
713,1.58312388,8.61026335949,2.00363777368,10.7476338052
714,5.55582713229,4.85955596602,2.12267919055,5.89632661523
715,2.60899346317,4.64953608318,1.71219215826,4.1806226121
716,3.57909131309,3.35625406659,1.49846993302,4.22083062023
717,11.2823908308,8.99607558339,2.25537361963,8.17365646555
718,-3.3630083622,6.37724077414,1.46208913839,9.08462247348
719,-2.05207575691,4.63412834588,2.38102778584,6.22869279362
720,4.55988626011,1.69428669348,1.24999991206,2.59213213237
721,-4.80087330921,5.41382536558,1.91655935839,4.96635447052
722,8.12905591327,5.91655616146,1.96737500731,6.30593691283
723,1.3704200134,7.32860790957,2.45757895188,7.62076454685
724,2.85314564429,7.33544413164,2.73573808897,7.13239241415
725,5.44851916416,4.7061308777,3.08915054941,4.59209495971
726,5.10634135173,5.19702721337,1.81977455409,9.20829734437
727,1.24739320349,6.66862639249,2.42678707937,7.44021939752
728,6.58623562273,4.76539620043,1.92030402237,5.84126343421
729,7.34724201212,4.33167333167,2.1938956685,4.3872646711
730,-2.41710843998,-0.489259510574,1.29364057213,-0.486771072002
731,1.14180245706,2.25715608417,1.76732444832,2.40845551665
732,4.64712420072,2.71122705256,2.24101365584,2.89405265517
733,7.79342138194,4.73087657831,1.75455427669,6.06258988313
734,-0.89050323705,4.08486190279,2.34753582708,4.54486641617
735,0.373950139975,1.9584476138,2.23165163393,2.8872936837
736,-0.338859186186,2.46372008707,1.50568236007,2.49208151006
737,0.492942364696,5.16916249582,1.85957838893,6.09741151695
738,1.24102434775,4.81430498973,2.64771633766,5.85671246295
739,-0.555526806965,6.73020744163,1.79588281993,7.21482698654
740,1.20988444589,7.10499017491,1.70162465608,8.22631244541
741,7.80566102433,7.89176472198,2.38154957645,7.60376500302
742,-3.5232298288,5.32284238667,2.73678691806,6.35929503717
743,5.60469160755,9.3120789475,2.42492628221,10.4554208072
744,4.93643352046,7.55782701833,1.54219349094,8.39552598843
745,6.30330462094,5.37988302299,1.49360832785,7.50763397803
746,-0.547957735807,4.27746158466,2.1694372368,5.11341637098
747,2.58977116215,6.62543739933,1.98558230688,9.01602223543
748,2.16578571823,-2.02136194751,1.69843135733,-2.86066773633
749,1.63622211214,8.42141485207,1.81222824189,8.90752372376
750,3.41880933518,2.27115446685,2.24896618509,2.27176504388
751,0.352905276364,0.896223181083,1.65324923161,-0.754560699823
752,1.84468344451,6.46892939373,2.76129268053,9.43031730884
753,2.87243835792,9.92443525641,2.77273960032,12.9543004518
754,9.64510330511,12.2423606891,2.18604908515,14.2688914841
755,-1.21153592872,3.19369670813,1.50424061472,3.40484966464
756,6.62462669176,9.93393355282,2.88011557976,11.4468902135
757,10.4904809418,7.72780686795,1.91404636586,7.8511105427
758,2.97414083085,5.97705486933,1.36929848401,8.09739547536
759,7.89715840043,6.30110630217,2.52573195527,8.70456185258
760,1.60970711198,9.05083152154,2.43471391288,12.1888731781
761,2.82797255631,6.0661296695,1.70015515613,6.45346620788
762,-3.36659058818,4.68445037676,1.80014480076,7.60659812588
763,0.716849338214,7.26329760917,2.44951954739,8.31392070589
764,7.179452228,8.68761555363,2.26108456119,10.152004093
765,3.50962118588,9.64128972064,2.681973723,12.1029604511
766,5.27880467694,9.03929682701,2.48294520264,12.6119241964
767,3.23564703274,5.91875278269,1.11144234589,6.66242530802
768,1.94571711938,10.0505272911,2.11774082816,11.9816128418
769,10.2928466134,12.1869882259,2.56287551355,14.0039946227
770,1.32390360217,6.81768316443,2.95100855867,7.98402540243
771,-1.33481547492,0.632615602987,1.04207246477,1.07980367379
772,3.94864797222,5.05114737955,0.771363770849,7.27924819618
773,6.80588223833,11.6636081268,2.34951249153,15.9261912063
774,3.99454570943,6.23311118282,1.79270253432,8.27380437679
775,1.34897541529,3.20219854623,1.96928460582,3.87127402301
776,-3.33150269005,-1.00430687447,1.58229748057,-1.28803304891
777,4.91676589706,9.12305071949,1.53321868118,10.5565146663
778,1.47937254811,5.27047609097,1.28166957323,5.75061126434
779,4.6350848111,6.51279434452,2.17092770764,7.35811016946
780,1.97753815964,9.20372963383,1.90171218065,11.7329628161
781,-3.59818804211,0.211101923822,2.17801828876,0.773578709189
782,-3.3084892187,1.81949611457,2.32088317435,1.10504400005
783,4.23768066575,1.53536336065,1.88045682693,2.02816594026
784,3.81533167538,5.77661316397,1.84027870191,6.65383126396
785,10.4909631171,7.50276584111,2.31698097997,9.76943450769
786,0.553414091706,6.80251803812,1.87785590031,8.34901583753
787,0.230497025153,8.62800617936,2.45173961091,9.66911626599
788,4.30343389189,1.54568525762,1.18160983682,1.61212907807
789,-0.635528234798,7.14543136985,2.16564686714,7.29479500472
790,1.12865652325,8.40862360503,3.708413225,11.1776497119
791,-2.20605436711,8.37010764683,1.90284038803,10.1803847046
792,0.867966262392,4.01016515653,2.40478033917,5.68821004745
793,3.67026954241,7.91793598668,2.38927932096,9.22979380755
794,2.05588848478,9.43965585383,1.28348466503,9.96371856844
795,1.97712353359,3.79090526397,1.36375009928,3.94193592258
796,-2.70292723728,3.32604799385,1.95654077912,3.60809745019
797,5.57892295187,2.5194242683,2.10023466321,1.65527166407
798,3.26121297234,1.23060123018,2.66830806059,2.98088923271
799,3.12311210385,7.52440735203,2.33691375566,8.67923019654
800,2.25782434586,6.21950408104,2.53077802816,8.79612909862
801,-3.33794810234,2.63385571394,2.56286476268,0.875582485073
802,-1.10929940974,3.69847111295,2.5294022035,5.00929693958
803,5.9741307119,7.41051823143,1.88708955973,7.21202017727
804,-2.26406940181,6.52924585265,1.82724974889,8.04227451243
805,3.49429674687,4.65801809397,1.85347260955,6.47831256533
806,-0.661849720548,5.05072588861,1.64779626308,8.70970361048
807,1.9423801024,2.57599793092,2.10515510904,5.25959768136
808,8.03227028768,9.51630766296,2.20950997717,10.9560494675
809,-3.89549830183,-0.8549794554,1.29894994828,-1.10310013394
810,0.069454868382,6.64826439159,2.6309227362,7.8907891804
811,4.3536957692,4.61647753,2.63750047998,5.25244984234
812,0.730812752502,6.14377712969,2.47780871998,7.52460425381
813,3.79620608755,7.40033976956,2.72976051163,7.29957102495
814,5.11240349576,5.21868369517,2.79254633988,6.66993859452
815,2.40543987662,6.51684627761,1.73276160975,7.2483625242
816,-1.64299901817,-0.269479694418,1.59548809549,-0.564108322798
817,4.05822556744,5.04883028984,2.14728021487,4.9277153479
818,5.57588306877,6.22761489191,2.22138888601,4.34364704273
819,-1.22272071576,-1.10317022484,1.32098365347,-1.81311368604
820,2.45735900968,3.2527632166,2.19336659946,2.78903764147
821,2.70418950476,6.41311625953,2.77215409609,5.50423256143
822,3.90070352243,6.0906794784,3.48030726131,6.28041102663
823,3.32566960217,7.02043369398,2.22392997383,7.45143896377
824,9.40430044666,4.66790068115,2.00877391878,4.10806907286
825,-5.80258335283,4.03286948297,2.24084739946,5.21834274039
826,5.37005954877,3.67746965934,1.65528707772,4.66406746114
827,-0.362099969096,3.21076962416,1.96168921848,4.26360532526
828,8.0463375381,7.86671978415,3.39177196525,9.00957569958
829,7.37507598703,2.80572192741,1.23190449319,3.07989240498
830,4.63379018448,5.47157648295,1.20113853936,5.62628204861
831,9.6719610378,6.02427978935,1.96555252333,7.981702994
832,1.43012944572,5.77309310428,1.91772999277,7.04873959948
833,2.68185087566,9.05160706573,1.58370907706,11.1910746842
834,0.935870351828,6.78481285611,2.64225013426,8.38387671988
835,7.95631312378,3.96216802407,2.12138525442,3.73211768659
836,-1.02929580269,5.83032677483,2.24852316103,7.56944553784
837,7.72762969361,6.39317196609,1.8660818075,8.24894243836
838,-5.10575086353,-2.70827800121,1.95642600042,-3.45436355338
839,-0.285827558589,3.52525501188,1.99637089264,2.98901676495
840,2.85112687381,6.09090205597,2.27542003225,8.79801274311
841,0.495102460496,5.35312091306,2.62911961885,7.24153529439
842,6.35822959847,5.99205609052,0.622115594156,6.87256586702
843,4.28189440183,4.88155362549,2.29984297199,6.07355512182
844,7.3461748679,9.89784914736,2.6223479689,12.7036832696
845,1.42901170098,2.09173080356,2.43764794633,4.77557528775
846,1.49697574495,6.48333893696,2.84324011953,7.78150712354
847,-1.39583462195,1.68946335673,1.95516839271,1.39176231012
848,2.09516072183,7.90593914434,2.07227273259,9.97838241042
849,5.58511539005,2.63968054368,1.85486317396,3.64863103732
850,4.65637636141,6.95771610253,2.1575892684,8.48891749796
851,6.38630349338,7.19328793249,2.0461384099,9.45654078247
852,4.60933987057,5.08753432414,2.00960118258,8.11130407889
853,-0.946435690564,4.12054748641,1.68439018177,3.71231615332
854,2.21602072229,5.57278066573,2.01399759554,6.25730553695
855,-0.71096707084,5.53422891725,2.19037348059,6.92684081907
856,8.13479456595,9.3894909905,1.41452158471,11.8417887251
857,5.39614354324,8.52525844362,2.71321806334,8.34621295139
858,9.21059106446,4.68320436993,1.94968888861,5.14044623703
859,-0.352924815895,4.2204921668,2.11928863571,4.50058384811
860,8.01213443587,8.03686080027,2.45691640741,8.18926680496
861,4.33607541751,6.6531376471,2.03431760383,7.67837535381
862,3.35891410234,0.808707772897,1.54078770772,0.602982679557
863,0.900798705049,4.8180832602,2.09207948491,4.86803884035
864,2.66048549836,12.0736424584,2.23639812518,14.1927228646
865,5.49562346908,4.9176437364,2.75342302129,6.04252358112
866,-4.20903781888,3.89304905086,2.23577967255,4.37456784894
867,1.21330003837,7.55324763116,1.85789897831,10.1974780097
868,2.74219461139,6.46095534013,2.01634267441,6.29128489084
869,4.25879322696,6.63719287849,1.8328003041,9.2784280555
870,5.02091176225,6.94044503588,2.37039668118,7.75768203876
871,-2.754902475,6.61238836632,3.01866015534,8.5822948217
872,9.4374257332,9.4064674924,2.65446127797,10.6888889038
873,-0.426539900292,10.1190510168,2.60081032859,11.4814274444
874,1.04683968665,8.01320645512,1.72989536187,10.1757103027
875,6.42044529207,5.10631650405,1.3436875168,7.42520331594
876,5.83357356458,8.08737792588,1.80439632135,9.41590197145
877,-1.36736340249,3.97251905648,2.01373544514,4.58547161969
878,1.11069014099,7.68551648821,2.81828993653,8.99356836236
879,5.16818490898,3.64825041308,1.91477268887,5.67410968402
880,3.76816759964,10.3251565094,2.66686910472,12.6276771105
881,-0.212457533859,3.23125373576,2.26668154669,3.41299570229
882,1.45584888723,0.236434463967,2.15116801068,1.54129817707
883,1.00791173223,6.64379722324,2.44418483942,7.16883213817
884,4.70926355995,5.72203887476,1.21005349275,6.42540028863
885,5.02461927703,3.44567596922,2.30614087011,2.33690565532
886,12.7046803068,7.41729862665,1.6858418391,9.02125221875
887,3.1140488959,3.83655961261,1.96358994846,6.10906090329
888,0.999453012157,-1.33032537802,1.29496120255,-1.75536895523
889,8.57886342736,5.75846199482,2.11674483364,5.56501772968
890,3.83680571824,3.44775001014,1.67529978472,3.98888540004
891,1.9707109046,10.3131438208,2.31003971449,12.0821783836
892,3.55140107552,0.735046933287,1.20789542051,0.898969433272
893,1.5821598832,7.89540163806,2.59260807817,10.2245218171
894,0.536516333147,5.691280903,1.62752077423,7.27410474145
895,1.30910429035,8.25553997264,1.36382170879,11.4297100185
896,2.56344653976,8.33502443598,2.65603079326,11.4280612302
897,6.92392955522,5.00914700014,1.91928471088,8.26216797581
898,-1.25831777619,2.8311721442,1.6059591883,3.04987591889
899,1.19138723631,1.76637110298,1.90278366381,2.50005480693
900,2.96409035081,1.7673804637,1.78049902583,3.17464514479
901,4.03870710162,6.60091037398,2.63570450579,6.77888129907
902,3.99642143054,6.12688928894,2.35034713975,6.9148854325
903,3.18133104433,3.70422504903,2.60672481475,5.6419559876
904,8.83823381404,8.17130809044,1.86225967861,10.3881354353
905,0.68624973732,5.24667635249,2.4747626129,6.55768986823
906,5.89565958397,3.93783240365,2.37381494476,4.1946717953
907,0.891354733383,6.19426608944,2.79088066548,7.71785897767
908,15.6226222519,5.69506472266,0.890195374538,5.77434341565
909,0.348447458695,6.10056886609,1.95566415183,7.04309725531
910,1.20058143375,7.54933967694,1.88717226286,10.3769696576
911,4.35209708297,8.29985529782,2.44530247812,9.07160348196
912,-1.7754139728,4.10407057034,1.45417364929,4.73185884721
913,3.75581627758,2.61604060834,2.16022346393,3.72032197733
914,-0.0259494035812,5.38940350084,2.40875716928,5.35147372091
915,11.4398933714,8.07280824349,2.49061772596,9.91524516291
916,-0.71830309138,0.495539042378,0.664641887552,0.732954942233
917,-1.49805478407,7.59629832731,1.95681772091,9.16644822902
918,3.27593286714,4.7259569027,2.06359437821,5.47885242852
919,8.08037040616,5.87983203065,2.4596624083,5.58232674719
920,-0.574815904463,-0.92156235069,0.396941677548,-0.452143186025
921,2.78036598927,2.41275863871,1.6993529101,1.93337134793
922,-1.00281580443,3.44867142728,2.52207579359,1.58300895355
923,-3.73046905623,3.29041650931,1.8297166471,3.9706860114
924,8.04141639326,8.62951530411,2.01326709433,11.8213617664
925,1.87362608025,0.85047102792,2.2321474899,0.0851176280736
926,-2.74709057753,-4.19511783366,1.40582637447,-5.34437690525
927,5.48914664581,4.32254700404,1.82789234625,6.21841107589
928,3.46638542686,7.43261479623,2.13277307293,10.3236113606
929,1.92502608585,6.25260841174,1.85797289032,10.1421686612
930,3.07099443835,4.10684119504,1.60130945816,4.03196236714
931,1.59632160834,10.4879161617,3.10245015455,12.6002654133
932,-0.383616988201,2.3757113747,1.70015186399,3.27456609899
933,4.29770212372,1.45030549009,1.53384895647,0.949814978752
934,9.41713300429,2.13909757569,1.84530961591,4.45889655346
935,-2.63363429613,1.71640714981,1.96875080097,1.90424529163
936,-6.37953487644,5.16670515233,2.49222981391,6.05093960602
937,-0.737477925708,3.76461547221,1.70208493055,4.50133823372
938,5.18099993175,7.8993176599,2.89657770038,9.73695142758
939,3.79367822777,5.35679002855,1.39832809839,7.38254726958
940,2.88150741269,3.18021175751,2.07730682452,2.64122361004
941,1.21875281791,8.98152142862,2.13201480958,10.2188891371
942,2.14378775594,0.707916991109,0.998278975911,-1.72084293178
943,5.30133434822,3.77428469128,1.71318381375,3.66032730549
944,0.145496981044,5.51639191742,2.00194493558,5.10310720339
945,0.39068488193,8.46553349332,1.92751802806,10.0518209115
946,-3.1962554598,4.08620788777,1.32011708806,5.18328525159
947,1.51132578948,5.3817824163,2.11171908771,6.80925722207
948,-4.4416828631,5.10526637441,0.573056096477,6.14098687506
949,0.421230894266,7.51443499493,2.22246600276,10.1888217395
950,3.40954237216,8.29433376883,1.84334522755,10.087449253
951,7.58164766594,8.12496689194,1.8936961343,10.4014477967
952,1.14936318781,4.02663685808,2.55978525332,4.15224903463
953,12.1725576429,5.97102081021,1.00502758394,6.96226503496
954,1.99376314385,9.09797211742,2.38417656865,11.183572914
955,12.4814459561,5.36413662566,1.57903868004,6.48597361578
956,1.43253816618,6.73682755607,1.3134709702,8.74382149407
957,8.13814743017,7.27651156718,1.96732238983,9.03118683602
958,5.28120072301,7.81671002893,2.82468471511,10.0977947955
959,8.90275381682,7.86033515663,1.83355983609,9.28756603753
960,4.43111656419,1.47573432804,2.35697449171,0.727261919929
961,4.1444110986,-0.561520635065,1.67375842358,-0.370805027359
962,2.65723824229,4.83148531081,1.7484788768,6.86637361116
963,3.465596352,9.0675222686,1.90902061792,11.6500540417
964,-0.377417618546,7.6008645524,1.63431769478,9.76854391891
965,-0.155882333776,4.00875351241,2.04899340068,5.36902321296
966,4.59448792057,8.90679028916,2.17907182722,11.1163309026
967,2.01499126392,5.94803784321,2.15660599829,7.05168810933
968,6.90524861919,6.48365099035,2.434335406,8.11920545133
969,3.10943137977,3.3258241826,1.05425461385,3.34310991887
970,-0.870918716664,6.36266009747,1.60729944192,5.76478198353
971,6.92443117361,10.4414812864,2.2221657489,12.4060788447
972,9.04399866547,7.68846867214,2.29859310163,8.97826361317
973,-0.992616624675,-0.138133681036,2.04472677979,-0.361705620991
974,-1.56215823454,0.0778821628686,1.78037307878,-1.77608995981
975,1.16038943956,5.13559972416,2.60619906064,4.56251709784
976,0.473007353556,0.208124741271,1.78630483156,0.0209319077502
977,1.12585498572,0.791961528712,2.4832412116,1.97041850554
978,5.33305469621,8.19851215652,2.36415882941,9.665850221
979,2.52169718594,0.0394638939898,1.90535776371,-0.0724901506875
980,7.0974720555,8.41579653913,2.44435611738,9.6710395736
981,2.56062408423,5.02715413367,2.33228702617,8.04568900697
982,0.761841274232,5.53550953369,2.194315655,6.24729628385
983,3.29472786404,3.2031330911,1.56440130463,4.04291326932
984,4.74746754349,8.66632379949,2.17952527787,9.67077867175
985,6.13725519629,1.24475215361,1.3348971841,0.724706882678
986,4.59824935339,6.79999917772,1.26010929716,8.67779568252
987,-0.108407132137,2.28540959842,1.34740771074,2.4471296972
988,6.48273195892,12.9090661398,1.94024327405,16.147070485
989,3.72122376095,2.34334211293,1.87386993283,3.6569489458
990,4.11766982372,4.62198089875,1.4282700805,5.28705457263
991,7.43170015531,11.2762102832,1.03276136663,14.5097445212
992,-1.94324455036,10.4239049447,2.6862248782,11.5073909202
993,0.230089205166,5.94835022188,1.54542697958,6.07419428778
994,14.9672205106,8.63352946567,2.13224071558,10.9977347565
995,7.73103799593,7.04418675773,0.922118693002,9.52774696987
996,10.5250814943,4.35713117058,1.76439173338,5.71510916601
997,3.3785936724,13.5628732039,3.46410241736,15.223585697
998,8.8059221042,11.1937622554,2.46475504307,14.3409529905
999,7.0084669765,9.10517188259,1.74547300043,11.6138025123
